649423
108783
1190063
1141 1043
280
bk1 539 140 875 273
bk10a 0 0 378 119
bk10b 378 140 539 280
bk10c 1001 182 1120 231
bk11 322 924 497 1043
bk12 497 280 637 686
bk13 1001 231 1141 728
bk14a 182 119 378 238
bk14b 497 924 791 1043
bk14c 637 392 756 553
bk15a 756 287 875 553
bk15b 462 805 798 924
bk16 868 595 994 714
bk17a 0 217 182 588
bk17b 938 0 1141 182
bk18 119 588 322 770
bk19 0 602 119 686
bk2 364 301 497 595
bk20 182 238 364 588
bk21 0 903 315 1043
bk3 0 770 315 903
bk4 378 7 938 140
bk5a 322 770 462 903
bk5b 322 595 455 770
bk5c 637 553 868 686
bk6 1008 728 1141 1043
bk7 0 119 182 217
bk8a 798 833 1008 1043
bk8b 875 217 1001 595
bk9a 819 714 1001 833
bk9b 637 273 756 392
bk9c 462 686 819 805
bk9d 0 686 119 770
