5336 7673
M001 3080 0 4788 3234
M002 4424 4802 5096 6356
M003 1890 6174 4074 7182
M004 0 896 3080 2506
M005 560 2506 1946 3038
M006 0 4634 1862 5516
M007 3976 3262 4844 3612
M008 560 3990 1806 4634
M009 2492 3010 2954 3990
M010 4788 672 5082 1288
M011 1946 28 2772 406
M012 1540 98 1946 896
M013 4788 0 5054 672
M014 3402 3346 3808 4270
M015 0 56 406 896
M016 4788 1288 5110 2086
M017 3668 5782 4424 6174
M018 3010 3234 3402 4312
M019 4466 6356 4858 7182
M020 4858 6384 5110 7182
M021 4074 6356 4466 7182
M022 4256 3626 4620 4578
M023 4620 3668 5110 4802
M024 4844 2870 5110 3668
M025 4788 2086 5110 2870
M026 1876 5348 2226 6076
M027 0 6818 840 7182
M028 2492 3990 3010 5054
M029 1946 406 2940 896
M030 0 5516 728 6818
M031 2618 5782 3668 6174
M032 1162 112 1540 896
M033 560 3038 2450 3990
M034 728 5516 1876 6076
M035 2226 5320 2618 6174
M036 1946 2562 2940 3010
M037 0 3416 560 4634
M038 3808 3612 4256 4578
M039 3402 4270 3766 5054
M040 406 28 798 896
M041 798 42 1162 896
M042 3808 3234 3976 3612
M043 0 2506 532 3416
M044 1862 4018 2492 5320
M045 728 6076 1890 6748
M046 3920 4578 4424 5782
M047 840 6748 1652 7182
M048 2618 5054 3920 5782
M049 3010 4312 3402 5054
