10000 10000
b1 1584 2108 1794 2628
b2 675 519 1237 686
b3 5082 5239 5384 5447
b4 1092 1743 1246 2356
b5 4171 3000 4553 3412
b6 1592 574 1844 1008
b7 5014 1658 5272 2207
b8 2624 4543 3091 4711
b9 3093 4302 3546 4475
b10 3391 286 3588 606
b11 4118 3412 4253 3876
b12 3077 207 3391 606
b13 3143 3252 3381 3847
b14 2406 708 2716 860
b15 3645 2827 4280 3000
b16 2215 3338 2660 3655
b17 1080 1375 1293 1743
b18 1914 2675 2688 2877
b19 4618 3394 4825 4073
b20 2726 5535 3056 5677
b21 1709 4492 1931 4986
b22 4014 3012 4171 3412
b23 352 4046 504 4561
b24 4460 3430 4618 4021
b25 3896 2572 4264 2827
b26 3474 4630 3613 5082
b27 5089 2207 5409 2599
b28 3103 2877 3246 3204
b29 1339 326 1871 562
b30 4115 4259 4504 4420
b31 2131 2275 2658 2424
b32 0 2883 218 3604
b33 1265 1847 1623 2067
b34 3897 205 4442 464
b35 1011 5523 1602 5736
b36 1693 2747 1914 3242
b37 3885 3469 4000 3876
b38 4663 5754 5334 5964
b39 1627 1459 1778 1979
b40 1470 3242 1918 3487
b41 457 4990 1059 5173
b42 2388 1377 3000 1633
b43 1198 3329 1466 3738
b44 1316 5022 1554 5286
b45 445 8 675 487
b46 5393 43 5618 670
b47 2890 2272 3394 2428
b48 740 3996 1158 4220
b49 1931 4554 2076 4986
b50 1774 10 2231 182
b51 2542 5226 3000 5535
b52 2004 1479 2388 1684
b53 1581 2 1774 326
b54 4382 513 4570 762
b55 1513 2807 1693 3242
b56 4313 4852 4799 5111
b57 593 863 1284 1068
b58 1844 562 2160 1008
b59 2124 4965 2624 5184
b60 2024 5792 2481 5964
b61 0 5265 180 5964
b62 4825 3149 5055 3697
b63 483 2636 694 3380
b64 5416 1519 5616 1991
b65 4115 4667 4655 4842
b66 4582 5111 5082 5393
b67 5109 10 5393 508
b68 3656 3876 4092 4127
b69 1470 3487 1917 3663
b70 5017 5447 5478 5754
b71 5144 801 5388 1058
b72 2004 1273 2385 1479
b73 917 40 1048 519
b74 5479 5173 5831 5619
b75 1011 5286 1609 5523
b76 4880 1799 5014 2269
b77 153 1028 313 1614
b78 1609 4986 1917 5395
b79 2231 6 2970 196
b80 3265 1309 3847 1578
b81 3093 4475 3561 4608
b82 740 4248 940 4561
b83 4341 0 5109 205
b84 0 3604 177 4224
b85 1092 2356 1265 2628
b86 4810 4466 4977 4746
b87 442 2199 879 2415
b88 4689 4454 4810 4842
b89 1577 4512 1709 4986
b90 4080 920 4550 1188
b91 5478 5619 5826 5754
b92 5415 2002 5599 2599
b93 4280 2699 4719 2985
b94 2481 5770 2804 5964
b95 4540 1502 4827 1886
b96 5101 508 5391 670
b97 3613 4625 3887 5082
b98 1577 4296 1898 4492
b99 313 1225 430 1627
b100 287 3677 465 4029
b101 4825 3697 5043 4274
b102 4000 3476 4118 3876
b103 4550 809 4704 1317
b104 2366 3679 2655 4005
b105 2458 2941 2735 3338
b106 4582 5393 5017 5754
b107 4171 5136 4582 5519
b108 3067 606 3605 752
b109 5479 3965 5650 4609
b110 1962 2117 2131 2675
b111 4551 2257 4726 2525
b112 1823 3965 2285 4272
b113 3893 1604 4521 1829
b114 913 3358 1177 3952
b115 0 200 437 487
b116 0 4224 184 4651
b117 5306 2599 5557 3224
b118 3552 3423 3885 3847
b119 4704 781 4879 1317
b120 4080 762 4478 920
b121 4080 1188 4540 1359
b122 1627 1135 1967 1459
b123 5055 3370 5424 3796
b124 1871 314 2314 562
b125 994 5736 1545 5964
b126 2939 3332 3143 3868
b127 3245 4608 3474 5226
b128 879 2038 1092 2628
b129 5256 3866 5468 4459
b130 412 4561 939 4799
b131 3896 2106 4551 2322
b132 0 1003 153 1614
b133 1265 2067 1433 2628
b134 532 686 1237 863
b135 4924 575 5101 842
b136 3503 1838 3889 2082
b137 3448 1578 3871 1838
b138 4206 5759 4663 5964
b139 5082 5114 5457 5239
b140 5416 807 5614 1519
b141 1433 2111 1584 2628
b142 4982 4459 5479 4774
b143 0 487 302 747
b144 4551 1886 4847 2257
b145 5334 5758 5793 5964
b146 4810 4746 4982 5111
b147 1059 4799 1316 5286
b148 4442 216 5097 432
b149 3711 5283 3877 5752
b150 1918 2877 2458 3109
b151 2160 570 2406 1081
b152 2914 196 3077 482
b153 2131 2424 2757 2675
b154 3877 5146 4171 5519
b155 3468 2295 3645 2827
b156 940 4417 1310 4799
b157 4032 2 4341 205
b158 180 5761 954 5964
b159 4880 1256 5154 1658
b160 913 3028 1198 3358
b161 5043 3796 5256 4459
b162 3000 5243 3429 5463
b163 628 1535 840 2199
b164 3444 5290 3589 5720
b165 1929 4999 2124 5641
b166 4570 432 5056 560
b167 4982 4774 5402 5111
b168 5055 3242 5419 3370
b169 5650 3987 5836 4663
b170 3093 3868 3311 4302
b171 180 5385 346 5761
b172 3866 765 4076 1285
b173 1284 588 1592 997
b174 2655 3874 2883 4492
b175 346 5372 994 5589
b176 694 3027 913 3459
b177 628 1375 1078 1513
b178 1609 5641 2130 5792
b179 2131 2001 2705 2275
b180 2409 4502 2614 4963
b181 4253 3418 4460 4021
b182 2683 860 2987 1377
b183 1967 1081 2374 1273
b184 4553 2985 4822 3394
b185 483 3380 677 4029
b186 0 747 307 1003
b187 3246 2827 3621 3204
b188 504 4029 740 4561
b189 2285 4005 2637 4272
b190 3897 464 4382 755
b191 5169 2767 5306 3224
b192 1623 1979 1988 2108
b193 1132 1068 1286 1375
b194 5424 3224 5595 3866
b195 184 5142 457 5372
b196 2450 1646 2671 2001
b197 1470 3663 2012 3924
b198 1339 3 1581 326
b199 2883 3873 3093 4543
b200 2004 1684 2450 2001
b201 218 2262 442 2822
b202 5595 2686 5834 3276
b203 5599 1991 5825 2686
b204 940 4220 1419 4417
b205 3000 1587 3448 1868
b206 409 1627 628 2199
b207 5101 670 5580 801
b208 3474 5082 3866 5283
b209 2890 2637 3468 2827
b210 461 868 593 1225
b211 4921 2644 5169 3149
b212 1545 5800 2024 5964
b213 2314 220 2914 482
b214 0 1614 228 2233
b215 3656 4127 4024 4341
b216 5154 1058 5416 1658
b217 2130 5560 2726 5770
b218 3621 3023 4014 3423
b219 2804 5677 3078 5964
b220 2757 2375 2890 2843
b221 3589 5339 3711 5720
b222 1293 997 1587 1424
b223 3605 213 3897 752
b224 4118 4021 4513 4259
b225 1198 2792 1513 3242
b226 3561 4341 4115 4625
b227 3400 5752 3695 5964
b228 457 5173 1011 5372
b229 593 1214 1080 1375
b230 1198 2628 1578 2792
b231 5618 1 5823 765
b232 870 2631 1187 3027
b233 307 519 532 868
b234 3503 2082 3893 2202
b235 2950 2923 3103 3332
b236 218 2822 483 3236
b237 3311 3847 3656 4302
b238 2076 4494 2409 4965
b239 1587 1008 1954 1135
b240 0 4651 179 5265
b241 3406 4 4032 205
b242 3896 1829 4464 2106
b243 4540 1317 4880 1502
b244 2716 695 3001 860
b245 1470 3924 1788 4170
b246 593 1069 1132 1214
b247 313 908 461 1225
b248 1778 1561 2004 1979
b249 1794 2112 1962 2675
b250 2970 52 3406 196
b251 4689 4274 4949 4454
b252 2735 2843 2950 3135
b253 1293 1424 1627 1847
b254 218 3236 467 3677
b255 4879 842 5144 1256
b256 3887 4842 4313 5136
b257 1177 3738 1470 3952
b258 5479 4609 5645 5173
b259 184 4104 352 4661
b260 2624 4711 3245 4963
b261 4080 1359 4529 1604
b262 4726 2423 4921 2985
b263 840 1513 1079 2038
b264 1609 5395 1929 5641
b265 177 3678 287 4104
b266 228 1655 409 2262
b267 3265 974 3639 1309
b268 4570 560 4924 781
b269 1871 182 2224 314
b270 2890 2428 3417 2637
b271 3896 2322 4515 2525
b272 3381 3204 3552 3847
b273 2406 867 2683 1377
b274 2624 4963 3220 5226
b275 430 1333 589 1627
b276 0 24 445 200
b277 346 5589 982 5761
b278 2735 3135 2918 3479
b279 1451 4170 1823 4296
b280 675 0 917 519
b281 1918 3286 2215 3655
b282 2124 5184 2542 5560
b283 3078 5720 3400 5964
b284 5650 4663 5835 5173
b285 4115 4420 4689 4667
b286 4264 2525 4716 2699
b287 3078 5463 3444 5720
b288 3639 755 3866 1309
b289 3877 5519 4542 5754
b290 4921 2269 5089 2644
b291 5616 1343 5834 1991
b292 2950 1886 3113 2272
b293 1918 3109 2448 3286
b294 2660 3479 2939 3873
b295 3645 2202 3896 2827
b296 2012 3655 2366 3965
b297 1316 4422 1577 5022
b298 5618 765 5836 1343
b299 4513 4073 4824 4274
b300 694 2716 845 3027
b301 1158 3952 1451 4220
b302 0 2233 218 2883
b303 1048 34 1339 519
b304 1898 4272 2613 4492
b305 2406 482 3067 695
b306 5272 1661 5415 2207
b307 5595 3276 5822 3965
b308 3001 752 3638 974
b309 412 4810 1021 4990
b310 442 2415 870 2636
b311 3113 1868 3503 2272
b312 184 4661 412 5142
b313 3695 5781 4206 5964
b314 2705 1633 2950 2272
b315 3001 982 3265 1578
b316 677 3459 911 3996
b317 3866 1285 4080 1578
