1191
10175 8151
200000001 0 100 100 8051
-1 100 7849 10075 302
-1 100 7703 8268 146
-1 100 7503 1796 200
2524 1896 7503 200 200
-1 2096 7649 6272 54
2002 8368 7649 200 200
-1 8568 7744 1607 105
-1 8568 7714 841 30
-1 8568 7649 641 65
-1 2096 7644 7113 5
-1 2096 7577 1732 67
-1 2096 7503 196 74
-1 1938 7377 354 126
2007 2292 7377 200 200
-1 2492 7444 1336 133
2521 3828 7444 200 200
-1 4028 7623 5181 21
-1 4028 7444 465 179
-1 2492 7423 2001 21
2121 4493 7423 200 200
-1 4693 7534 4516 89
-1 4693 7423 2371 111
-1 2492 7377 4572 46
-1 1938 7356 5126 21
-1 1938 7303 1855 53
-1 730 7278 3063 25
-1 730 7259 1910 19
-1 100 7078 2540 181
337 2640 7078 200 200
-1 2840 7156 953 122
289 3793 7156 200 200
-1 3993 7334 3071 22
293 7064 7334 200 200
-1 7264 7514 1945 20
189 9209 7514 200 200
2069 9409 7544 200 200
-1 9609 7544 566 200
-1 9409 7514 766 30
-1 7264 7489 2911 25
-1 7264 7401 1870 88
-1 7264 7334 1670 67
-1 3993 7333 4941 1
-1 3993 7157 3672 176
-1 3993 7156 1339 1
-1 2840 7078 2492 78
-1 100 7075 5232 3
-1 100 7062 4717 13
-1 100 6862 1408 200
2481 1508 6862 200 200
-1 1708 7056 3109 6
-1 1708 6862 164 194
-1 100 6856 1772 6
179 1872 6856 200 200
-1 2072 6900 2745 156
-1 2072 6893 2243 7
-1 2072 6856 1950 37
-1 100 6819 3922 37
-1 100 6619 853 200
500 953 6619 200 200
-1 1153 6800 2869 19
-1 1153 6668 2622 132
-1 1153 6619 515 49
-1 100 6468 1568 151
138 1668 6468 200 200
-1 1868 6600 1907 68
741 3775 6600 200 200
-1 3975 6693 47 107
1204 4022 6693 200 200
-1 4222 6700 93 193
1196 4315 6700 200 200
-1 4515 6875 302 25
287 4817 6875 200 200
-1 5017 6957 315 118
2340 5332 6957 200 200
-1 5532 7150 2133 7
-1 5532 7134 746 16
-1 5532 6957 292 177
-1 5017 6934 807 23
2341 5824 6934 200 200
-1 6024 6950 254 184
2052 6278 6950 200 200
-1 6478 7133 1187 17
2431 7665 7133 200 200
-1 7865 7201 1069 132
2215 8934 7201 200 200
2372 9134 7289 200 200
-1 9334 7289 841 200
-1 9134 7201 1041 88
-1 7865 7133 2310 68
-1 6478 7129 3697 4
-1 6478 6993 2353 136
-1 6478 6950 569 43
-1 6024 6934 1023 16
-1 5960 6793 1087 141
140 7047 6793 200 200
-1 7247 6955 1584 38
141 7247 6755 200 200
-1 7447 6930 1384 25
186 7447 6730 200 200
-1 7647 6929 1184 1
299 8831 6929 200 200
-1 9031 7004 1144 125
-1 9031 6929 95 75
-1 7647 6804 1479 125
1211 9126 6804 200 200
-1 9326 6804 849 200
-1 7647 6730 2528 74
220 7485 6530 200 200
-1 7685 6700 2490 30
-1 7685 6575 1263 125
-1 7685 6530 1032 45
-1 7033 6375 1684 155
146 8717 6375 200 200
-1 8917 6500 31 75
224 8948 6500 200 200
-1 9148 6500 1027 200
-1 9117 6331 1058 169
-1 9117 6300 86 31
-1 5324 6286 3879 14
-1 5324 6200 2148 86
-1 100 6110 7372 90
-1 100 6100 5500 10
-1 100 5900 3301 200
658 3401 5900 200 200
-1 3601 6096 1999 4
-1 3601 6044 654 52
-1 3601 5901 454 143
-1 3601 5900 163 1
-1 3533 5701 231 199
660 3764 5701 200 200
-1 3964 5844 91 57
687 4055 5844 200 200
2339 4255 5896 200 200
-1 4455 5984 1145 112
-1 4455 5970 799 14
-1 4455 5896 509 74
-1 4255 5844 709 52
2345 4074 5644 200 200
-1 4274 5770 690 74
2202 4964 5770 200 200
-1 5164 5784 90 186
689 5254 5784 200 200
-1 5454 5910 146 74
291 5600 5910 200 200
-1 5800 6086 1672 24
759 7472 6086 200 200
-1 7672 6131 1531 155
297 9203 6131 200 200
-1 9403 6131 772 200
-1 7672 6086 2503 45
-1 5800 5980 4375 106
-1 5800 5970 872 10
2056 5800 5770 200 200
-1 6000 5900 672 70
-1 6000 5770 205 130
-1 5319 5718 886 52
2008 5319 5518 200 200
-1 5519 5700 686 18
2198 6205 5700 200 200
-1 6405 5700 67 200
1705 6472 5700 200 200
2005 6672 5780 200 200
-1 6872 5971 3303 9
-1 6872 5942 2311 29
-1 6872 5900 1665 42
-1 6872 5794 1454 106
-1 6872 5780 215 14
-1 6672 5700 415 80
1634 6488 5500 200 200
-1 6688 5594 399 106
2634 7087 5594 200 200
-1 7287 5700 1039 94
1346 8326 5700 200 200
-1 8526 5742 11 158
667 8537 5742 200 200
-1 8737 5885 446 57
-1 8737 5742 13 143
-1 8526 5700 224 42
1386 8378 5500 200 200
-1 8578 5685 172 15
267 8750 5685 200 200
-1 8950 5771 233 114
87 9183 5771 200 200
-1 9383 5771 792 200
-1 8950 5694 1225 77
-1 8950 5685 602 9
-1 8578 5659 974 26
-1 8578 5609 304 50
-1 8578 5500 104 109
1453 8462 5300 200 200
-1 8662 5409 20 91
822 8682 5409 200 200
696 8882 5459 200 200
-1 9082 5494 470 165
268 9552 5494 200 200
-1 9752 5494 423 200
-1 9082 5459 1093 35
1093 8958 5259 200 200
-1 9158 5452 1017 7
-1 9158 5438 646 14
-1 9158 5395 319 43
-1 9158 5259 109 136
-1 8794 5195 473 64
743 9267 5195 200 200
-1 9467 5238 10 157
1663 9477 5238 200 200
-1 9677 5252 127 186
869 9804 5252 200 200
-1 10004 5252 171 200
1188 9816 5052 200 200
-1 10016 5052 159 200
-1 9682 4900 493 152
1707 9562 4700 200 200
-1 9762 4700 413 200
1662 9644 4500 200 200
-1 9844 4584 331 116
-1 9844 4500 75 84
-1 9592 4384 327 116
1698 9919 4384 200 200
-1 10119 4384 56 200
-1 9592 4318 583 66
-1 9592 4300 183 18
793 9489 4100 200 200
-1 9689 4118 86 182
1767 9775 4118 200 200
-1 9975 4307 200 11
1671 9975 4107 200 200
1823 9838 3907 200 200
-1 10038 3907 137 200
-1 9838 3900 337 7
-1 9723 3828 452 72
-1 9723 3700 248 128
1838 9645 3500 200 200
-1 9845 3628 126 72
1918 9971 3628 200 200
-1 10171 3628 4 200
-1 9845 3500 330 128
1640 9823 3300 200 200
-1 10023 3300 152 200
-1 9975 3264 200 36
1855 9975 3064 200 200
-1 9366 2912 809 152
-1 9366 2864 251 48
-1 5418 2820 4199 44
-1 5418 2678 581 142
-1 4074 2676 1925 2
-1 4074 2534 215 142
251 3956 2334 200 200
-1 4156 2476 133 58
242 4289 2476 200 200
-1 4489 2642 1510 34
-1 4489 2476 39 166
-1 4156 2442 372 34
200 4528 2442 200 200
-1 4728 2620 1271 22
496 5999 2620 200 200
-1 6199 2750 3418 70
-1 6199 2694 2064 56
-1 6199 2620 315 74
-1 4728 2500 1786 120
-1 4728 2442 317 58
-1 4156 2334 889 108
-1 3960 2300 1085 34
199 5045 2300 200 200
-1 5245 2494 1269 6
482 6514 2494 200 200
-1 6714 2550 1549 144
938 8263 2550 200 200
-1 8463 2712 1154 38
1089 9617 2712 200 200
-1 9817 2712 358 200
-1 8463 2689 1712 23
-1 8463 2550 47 139
-1 6714 2500 1796 50
-1 6714 2494 1476 6
-1 5245 2369 2945 125
-1 5245 2300 845 69
-1 5202 2169 888 131
675 6090 2169 200 200
-1 6290 2359 1900 10
-1 6290 2169 40 190
-1 5202 2159 1128 10
811 6330 2159 200 200
-1 6530 2316 1660 43
-1 6530 2300 1221 16
-1 6530 2159 1021 141
-1 5202 2123 2349 36
-1 5202 2100 1039 23
-1 5183 1923 1058 177
901 6241 1923 200 200
-1 6441 2100 1110 23
303 7551 2100 200 200
1516 7751 2116 200 200
1388 7951 2116 200 200
-1 8151 2300 39 16
1481 8190 2300 200 200
-1 8390 2489 120 11
2037 8510 2489 200 200
-1 8710 2634 1465 55
-1 8710 2489 661 145
-1 8390 2434 981 55
2177 9371 2434 200 200
-1 9571 2540 604 94
-1 9571 2434 301 106
-1 8390 2382 1482 52
-1 8390 2300 777 82
1396 8351 2100 200 200
-1 8551 2189 616 111
-1 8551 2100 73 89
2526 8424 1900 200 200
327 8624 1989 200 200
-1 8824 2182 343 7
150 9167 2182 200 200
-1 9367 2349 505 33
300 9367 2149 200 200
-1 9567 2340 305 9
832 9872 2340 200 200
-1 10072 2340 103 200
-1 9977 2140 198 200
-1 9808 1940 367 200
-1 9085 1935 1090 5
-1 8624 1900 1551 35
1583 8471 1700 200 200
-1 8671 1700 1504 200
-1 8424 1552 1751 148
-1 8224 1500 240 52
-1 8112 1352 352 148
797 8464 1352 200 200
-1 8664 1352 1511 200
-1 8112 1300 2063 52
1904 8002 1100 200 200
-1 8202 1126 1973 174
-1 8202 1100 291 26
-1 5420 1084 3073 16
-1 5420 903 1586 181
-1 5322 884 1684 19
1657 7006 884 200 200
-1 7206 1069 1287 15
-1 7206 884 284 185
-1 5322 869 2168 15
153 7490 869 200 200
-1 7690 926 803 143
747 8493 926 200 200
-1 8693 926 1482 200
-1 8663 726 1512 200
-1 7094 668 3081 58
-1 5661 664 4514 4
-1 5661 488 2218 176
-1 3769 464 4110 24
2529 7879 464 200 200
-1 8079 464 2096 200
-1 3769 300 6406 164
612 3683 100 200 200
-1 3883 100 6292 200
200000000 0 0 10175 100
1920 8463 726 200 200
-1 7690 869 773 57
-1 5322 868 3141 1
-1 5322 703 1572 165
-1 2775 700 4119 3
632 2775 500 200 200
-1 2975 688 3919 12
-1 2975 500 2486 188
134 2781 300 200 200
-1 2981 300 4 200
589 2985 300 200 200
-1 3185 300 384 200
606 3569 300 200 200
-1 3769 488 1692 12
831 5461 488 200 200
-1 5661 668 1233 20
330 6894 668 200 200
-1 7094 726 1369 142
-1 3422 100 261 200
-1 3106 100 116 200
586 3222 100 200 200
625 2906 100 200 200
-1 2219 246 687 54
-1 100 100 2806 146
575 2579 300 200 200
-1 2779 300 2 200
833 9777 2140 200 200
265 9608 1940 200 200
-1 9567 2149 210 191
187 9386 1949 200 200
-1 9586 2140 191 9
-1 9586 1949 22 191
-1 9085 1940 523 9
-1 8824 2135 562 14
-1 8824 1989 61 146
-1 8624 1935 261 54
323 8885 1935 200 200
-1 9085 1949 301 186
-1 8824 2149 543 33
-1 8149 1752 322 148
-1 8149 1700 75 52
766 8024 1500 200 200
2085 8224 1552 200 200
-1 8424 1700 47 52
1758 7912 1300 200 200
673 7802 1100 200 200
-1 8289 1900 135 200
1371 8151 2100 200 200
1523 8089 1900 200 200
196 7949 1700 200 200
702 7752 1500 200 200
-1 7952 1500 72 200
748 7712 1300 200 200
1101 7602 1100 200 200
-1 7751 2100 400 16
328 7687 1900 200 200
-1 7887 1900 202 200
-1 5964 1784 1985 116
-1 5964 1700 301 84
332 5845 1500 200 200
-1 6045 1500 20 200
1025 6065 1500 200 200
998 6265 1584 200 200
-1 6465 1726 1484 58
1924 6465 1526 200 200
-1 6665 1700 1284 26
-1 6665 1526 1087 174
-1 6560 1500 1192 26
-1 6560 1326 1152 174
-1 6269 1308 1443 18
-1 6269 1300 927 8
-1 5866 1155 1330 145
-1 5666 1131 1530 24
-1 5113 1108 2083 23
1037 7196 1108 200 200
-1 7396 1300 316 8
-1 7396 1108 206 192
-1 5113 1103 2489 5
-1 3479 1100 1741 3
-1 2592 1050 2628 50
-1 2592 1004 1386 46
-1 2592 955 251 49
-1 2592 900 51 55
-1 2496 755 147 145
135 2643 755 200 200
580 2843 804 200 200
-1 3043 933 935 71
-1 3043 804 217 129
-1 2843 755 417 49
-1 2496 733 764 22
614 3260 733 200 200
-1 3460 850 518 83
159 3978 850 200 200
-1 4178 903 1042 147
152 5220 903 200 200
-1 5420 1100 2182 3
156 5122 703 200 200
-1 4178 850 944 53
-1 3460 733 1662 117
-1 2496 712 2626 21
-1 2496 700 79 12
597 2375 500 200 200
607 2575 512 200 200
-1 2775 703 2347 9
-1 2575 500 200 12
-1 2419 300 160 200
608 2219 300 200 200
1926 6360 1326 200 200
-1 6265 1526 200 58
-1 6265 1500 95 26
1789 6069 1300 200 200
-1 6269 1326 91 174
-1 5554 1355 515 145
-1 5554 1331 112 24
306 5466 1131 200 200
1029 5666 1155 200 200
-1 5866 1300 203 55
-1 6441 1923 1246 177
-1 5183 1900 2504 23
1265 5110 1700 200 200
-1 5310 1731 454 169
-1 5310 1700 108 31
-1 5110 1531 308 169
1000 5418 1531 200 200
-1 5618 1700 146 31
873 5764 1700 200 200
-1 5618 1531 227 169
-1 5554 1500 291 31
1960 5354 1331 200 200
-1 5335 1241 131 90
-1 5113 1131 353 110
-1 5110 1500 244 31
-1 4472 1478 882 22
-1 3918 1441 1436 37
-1 3494 1326 1641 115
-1 3494 1300 1142 26
-1 3479 1126 1157 174
160 4636 1126 200 200
-1 4836 1303 299 23
-1 4836 1126 77 177
-1 3479 1103 1434 23
1249 4913 1103 200 200
-1 5113 1241 22 62
155 5135 1241 200 200
-1 5335 1331 19 110
333 5002 2100 200 200
897 4983 1900 200 200
2422 4867 1700 200 200
-1 5067 1700 43 200
376 4910 1500 200 200
347 4710 1500 200 200
-1 3960 2134 796 166
-1 3575 2113 1181 21
-1 3300 2100 1456 13
677 4756 2100 200 200
-1 4956 2100 46 200
1972 4783 1900 200 200
-1 4656 1864 211 36
-1 4223 1735 644 129
-1 3863 1700 1004 35
-1 3442 1678 1268 22
-1 3442 1641 830 37
-1 3442 1500 276 141
854 3294 1300 200 200
-1 3494 1441 224 59
1084 3718 1441 200 200
-1 3918 1478 354 163
157 4272 1478 200 200
-1 4472 1500 238 178
236 3279 1100 200 200
-1 3969 2064 814 36
-1 3969 1935 487 129
-1 3969 1900 54 35
-1 3863 1735 160 165
234 4023 1735 200 200
-1 4223 1864 233 71
307 4456 1864 200 200
-1 4656 1900 127 164
-1 3300 2064 469 36
-1 2845 1900 924 164
334 3769 1900 200 200
876 3663 1700 200 200
310 2743 1700 200 200
-1 2943 1700 720 200
-1 2818 1598 424 102
-1 2818 1500 72 98
-1 100 1398 2790 102
707 2890 1398 200 200
-1 3090 1500 152 98
245 3242 1500 200 200
-1 3090 1398 204 102
-1 100 1300 3194 98
-1 100 1287 2276 13
-1 100 1171 1165 116
-1 100 971 815 200
136 915 971 200 200
-1 1115 1087 150 84
137 1265 1087 200 200
-1 1465 1150 911 137
-1 1465 1087 711 63
-1 1115 1005 1061 82
-1 1115 971 572 34
-1 100 805 1587 166
132 1687 805 200 200
-1 1887 998 289 7
-1 1887 805 9 193
-1 100 798 1796 7
591 1896 798 200 200
-1 2096 950 80 48
595 2176 950 200 200
357 2376 1100 200 200
-1 2576 1100 703 200
618 2392 900 200 200
309 2296 700 200 200
604 2175 500 200 200
-1 1778 446 441 54
-1 1778 422 241 24
-1 100 246 1919 176
601 2019 246 200 200
-1 2376 950 16 150
-1 2096 913 296 37
603 2096 713 200 200
-1 2296 900 96 13
235 1946 513 200 200
-1 2146 700 150 13
-1 2146 513 29 187
-1 1778 500 397 13
-1 100 781 1996 17
-1 100 581 1159 200
133 1259 581 200 200
-1 1459 713 637 68
-1 1459 622 487 91
-1 1459 581 119 41
-1 100 422 1478 159
590 1578 422 200 200
-1 1778 513 168 109
678 2618 1500 200 200
877 3760 2134 200 200
1726 9775 3100 200 200
-1 9450 3071 525 29
-1 8777 3064 1198 7
-1 8777 2902 389 162
-1 7939 2870 1227 32
-1 5418 2864 3748 6
942 9166 2864 200 200
-1 8404 3323 1419 177
-1 7523 3300 2300 23
248 7379 3100 200 200
-1 7579 3273 2196 27
-1 7579 3270 1221 3
-1 7579 3100 98 170
1076 7477 2900 200 200
301 7677 3070 200 200
-1 7877 3102 923 168
-1 7877 3070 700 32
338 7739 2870 200 200
-1 7939 2902 638 168
764 8577 2902 200 200
-1 8777 3073 23 29
746 8800 3073 200 200
-1 9000 3271 775 2
-1 9000 3073 250 198
-1 8777 3071 473 2
1039 9250 3071 200 200
-1 9450 3100 325 171
-1 7677 2900 62 170
-1 4671 2878 3068 22
-1 4671 2700 547 178
-1 4074 2678 1144 22
916 5218 2678 200 200
-1 5418 2870 2321 8
-1 6671 2938 806 162
-1 4947 2900 2530 38
-1 9689 4107 286 11
-1 9689 4100 149 7
1843 9638 3900 200 200
794 9523 3700 200 200
1700 9445 3500 200 200
-1 9298 3933 340 167
-1 8074 3900 1564 33
1614 7923 3700 200 200
-1 8123 3829 1400 71
-1 8123 3700 1122 129
1411 7942 3500 200 200
-1 8142 3629 1103 71
1722 9245 3629 200 200
-1 9445 3700 78 129
-1 8142 3523 1303 106
-1 8142 3500 62 23
-1 7523 3323 681 177
814 8204 3323 200 200
-1 8404 3500 1041 23
-1 7831 3500 111 200
-1 9497 4500 147 200
1861 9392 4300 200 200
-1 9008 4184 481 116
-1 8581 4133 908 51
-1 8581 4006 517 127
-1 8074 3933 1024 73
1721 9098 3933 200 200
-1 9298 4100 191 33
-1 9677 5238 139 14
-1 9467 5195 349 43
-1 8794 5100 1022 95
-1 7031 5088 2451 12
-1 7031 4900 1111 188
-1 7030 4888 1112 12
1459 8142 4888 200 200
-1 8342 4959 1140 129
761 8342 4759 200 200
-1 8542 4900 940 59
698 9482 4900 200 200
-1 9682 5052 134 48
1719 9323 4700 200 200
-1 9523 4700 39 200
1665 9297 4500 200 200
-1 9032 4384 360 116
-1 9008 4300 384 84
-1 8542 4836 781 64
-1 8542 4759 130 77
-1 8507 4636 165 123
862 8672 4636 200 200
-1 8872 4700 451 136
-1 8872 4636 425 64
-1 8507 4584 790 52
-1 8507 4559 325 25
-1 8307 4540 525 19
-1 8107 4515 725 25
-1 5795 4500 3037 15
-1 5235 4384 1152 116
-1 4924 4300 1463 84
872 6387 4300 200 200
-1 6587 4472 2245 28
-1 6587 4300 1204 172
-1 6492 4272 1299 28
1585 7791 4272 200 200
-1 7991 4412 841 60
-1 7991 4318 200 94
666 7991 4118 200 200
694 8191 4212 200 200
-1 8391 4384 441 28
697 8832 4384 200 200
-1 9032 4500 265 84
845 8808 4184 200 200
-1 8391 4212 417 172
-1 8191 4206 617 6
-1 8191 4118 190 88
-1 7340 4100 1041 18
1360 7340 3900 200 200
-1 7540 3900 334 200
498 7874 3900 200 200
-1 8074 4006 307 94
850 8381 4006 200 200
-1 8581 4184 227 22
726 7723 3700 200 200
1440 7631 3500 200 200
1424 7523 3700 200 200
1552 7431 3500 200 200
497 7323 3300 200 200
-1 7288 3216 91 84
-1 6950 3195 429 21
-1 6302 3151 1077 44
1063 6110 2951 200 200
-1 6310 3138 1069 13
-1 6310 2951 161 187
-1 4947 2938 1524 13
2313 6471 2938 200 200
-1 6671 3100 708 38
969 7323 3700 200 200
1507 7231 3500 200 200
-1 6841 3416 482 84
-1 6841 3395 247 21
2063 6750 3195 200 200
-1 6950 3216 138 179
304 7088 3216 200 200
-1 7288 3300 35 116
-1 6492 4126 1499 146
-1 6492 4100 397 26
-1 2902 4080 3987 20
-1 2902 3900 1721 180
1900 2835 3700 200 200
-1 3035 3880 1588 20
240 4623 3880 200 200
-1 4823 3927 2066 153
-1 4823 3880 774 47
-1 3035 3809 2562 71
-1 3035 3700 338 109
826 2970 3500 200 200
-1 3170 3609 203 91
2567 3373 3609 200 200
-1 3573 3727 2024 82
818 5597 3727 200 200
-1 5797 3926 1092 1
1430 6889 3926 200 200
-1 7089 4121 902 5
-1 7089 3926 51 195
-1 7084 3921 56 5
1509 7140 3921 200 200
-1 7340 4118 651 3
1508 7123 3721 200 200
-1 7323 3900 17 21
247 7031 3521 200 200
-1 7231 3700 92 21
-1 6841 3500 390 21
-1 7084 3726 39 195
-1 6785 3721 338 5
-1 6785 3595 246 126
344 6641 3395 200 200
-1 6841 3521 190 74
2081 6550 3195 200 200
1455 6884 3726 200 200
-1 5797 3795 1087 131
-1 5797 3727 788 68
-1 3573 3700 3012 27
-1 3573 3683 2114 17
-1 3573 3609 949 74
-1 3170 3586 1352 23
-1 3170 3500 777 86
-1 2369 3493 1578 7
277 2369 3293 200 200
-1 2569 3438 1378 55
-1 2569 3293 70 145
-1 2116 3238 523 55
776 2639 3238 200 200
-1 2839 3386 1108 52
279 3947 3386 200 200
-1 4147 3578 375 8
-1 4147 3386 175 192
-1 2839 3378 1483 8
2093 4322 3378 200 200
1332 4522 3483 200 200
-1 4722 3576 965 107
-1 4722 3483 562 93
-1 4522 3378 762 105
-1 2839 3376 2445 2
241 5284 3376 200 200
-1 5484 3500 203 76
1006 5687 3500 200 200
-1 5887 3595 698 105
1612 6585 3595 200 200
-1 6785 3726 99 69
-1 5887 3583 754 12
-1 5887 3551 248 32
-1 5887 3500 48 51
1005 5735 3300 200 200
851 5935 3351 200 200
2531 6135 3383 200 200
-1 6335 3395 306 188
-1 6335 3383 215 12
-1 6135 3351 415 32
2605 6102 3151 200 200
-1 6302 3195 248 156
-1 5833 3100 277 51
-1 4947 2951 1163 149
-1 5935 3300 167 51
-1 5833 3151 269 149
371 5633 3100 200 200
370 5535 3300 200 200
238 5433 3100 200 200
-1 5484 3376 51 124
-1 2839 3363 2696 13
-1 2839 3324 1559 39
682 2839 3124 200 200
-1 3039 3198 1359 126
-1 3039 3167 474 31
-1 3039 3124 25 43
-1 2979 2967 85 157
679 3064 2967 200 200
-1 3264 2998 249 169
957 3513 2998 200 200
-1 3713 3163 685 35
1333 4398 3163 200 200
-1 4598 3300 937 63
1577 4598 3100 200 200
-1 4798 3100 635 200
988 4747 2900 200 200
836 4547 2900 200 200
834 4471 2700 200 200
-1 3713 3100 885 63
-1 3713 2998 634 102
837 3557 2798 200 200
-1 3757 2900 590 98
278 4347 2900 200 200
-1 3757 2798 714 102
-1 3023 2734 1448 64
-1 3023 2724 851 10
-1 2081 2700 1793 24
-1 1959 2551 1915 149
-1 1959 2500 885 51
-1 100 2461 2744 39
-1 100 2316 1927 145
-1 100 2116 835 200
484 935 2116 200 200
-1 1135 2261 892 55
710 2027 2261 200 200
-1 2227 2351 617 110
919 2844 2351 200 200
-1 3044 2534 830 17
917 3874 2534 200 200
-1 4074 2700 397 34
171 3756 2334 200 200
-1 3703 2313 57 21
-1 3575 2134 185 179
-1 3044 2513 712 21
-1 3044 2351 459 162
-1 2227 2316 1276 35
-1 2227 2282 235 34
-1 2227 2261 18 21
-1 2183 2082 62 179
1717 2245 2082 200 200
-1 2445 2116 17 166
1753 2462 2116 200 200
-1 2662 2313 841 3
1082 3503 2313 200 200
-1 3703 2334 53 179
649 3375 2113 200 200
-1 2662 2264 713 49
-1 2662 2116 438 148
-1 2645 2100 455 16
643 2645 1900 200 200
-1 2845 2064 255 36
1169 3100 2064 200 200
-1 3300 2113 75 151
647 2543 1700 200 200
-1 100 1500 2518 200
1654 2445 1916 200 200
1774 2343 1716 200 200
-1 2543 1900 102 16
-1 100 1700 2443 16
-1 2183 2061 262 21
-1 1703 1944 742 117
-1 1573 1916 872 28
-1 1573 1744 770 172
-1 100 1716 2243 28
648 1983 2061 200 200
-1 1135 2144 848 117
-1 1135 2116 368 28
-1 100 1944 1403 172
312 1503 1944 200 200
-1 1703 2061 280 83
250 1373 1744 200 200
-1 100 1744 1273 200
-1 3264 2967 293 31
-1 2979 2924 578 43
644 2823 2724 200 200
-1 3023 2798 534 126
1147 2779 2924 200 200
650 2623 2724 200 200
-1 2116 3176 723 62
-1 1916 3174 923 2
-1 1916 3100 447 74
1317 1823 2900 200 200
-1 2023 2974 340 126
680 2363 2974 200 200
-1 2563 3124 276 50
-1 2563 2974 216 150
-1 2023 2924 756 50
-1 2023 2900 600 24
1450 1881 2700 200 200
-1 2081 2724 542 176
1327 1759 2500 200 200
-1 1813 2700 68 200
-1 2642 3500 328 200
2346 6292 4100 200 200
-1 4924 4258 1368 42
-1 4344 4100 1948 158
1367 8307 4559 200 200
-1 7030 4759 1312 129
-1 7030 4740 1277 19
-1 7030 4715 1077 25
-1 7030 4700 554 15
-1 5795 4515 1789 185
266 7584 4515 200 200
-1 7784 4515 123 200
1610 7907 4515 200 200
982 8107 4540 200 200
-1 8882 5409 76 50
-1 8662 5300 296 109
1104 8594 5100 200 200
-1 8794 5259 164 41
1347 8268 5100 200 200
-1 8468 5100 126 200
-1 7569 5468 893 32
-1 6502 5463 1960 5
-1 6502 5444 567 19
-1 6502 5300 276 144
-1 6105 5244 673 56
664 6778 5244 200 200
-1 6978 5263 91 181
145 7069 5263 200 200
-1 7269 5300 1193 163
-1 7269 5263 999 37
-1 6978 5244 1290 19
-1 6105 5100 2163 144
924 5963 4900 200 200
-1 6163 5088 668 12
-1 6163 4900 74 188
-1 6125 4888 112 12
2196 6237 4888 200 200
-1 6437 4900 394 188
846 6831 4900 200 200
2554 6830 4700 200 200
-1 6437 4888 393 12
-1 6125 4700 705 188
1071 5925 4700 200 200
-1 7287 5668 1091 32
-1 7287 5594 82 74
-1 6688 5500 681 94
-1 6502 5468 867 32
2637 7369 5468 200 200
-1 7569 5500 809 168
1819 6302 5300 200 200
2193 6288 5500 200 200
-1 6150 5300 152 200
-1 6186 5500 102 200
-1 5519 5518 467 182
-1 5491 5500 495 18
1816 5986 5500 200 200
2000 5950 5300 200 200
972 5905 5100 200 200
-1 5815 4900 148 200
-1 5795 4700 130 200
2032 5491 5300 200 200
-1 5691 5330 259 170
-1 5691 5300 14 30
-1 5631 5130 74 170
1070 5705 5130 200 200
-1 5905 5300 45 30
-1 5631 5100 274 30
336 5615 4900 200 200
1214 5595 4700 200 200
1073 5595 4500 200 200
1107 5431 5100 200 200
662 5415 4900 200 200
2115 5245 4700 200 200
-1 5445 4700 150 200
-1 4852 4641 743 59
-1 4390 4584 1205 57
-1 4390 4500 645 84
-1 4342 4458 693 42
-1 4342 4300 382 158
2338 4144 4100 200 200
-1 4344 4258 380 42
2348 4724 4258 200 200
-1 4924 4384 111 74
2347 5035 4384 200 200
-1 5235 4500 360 84
895 5291 5318 200 200
-1 3915 5300 1576 18
-1 3915 5207 1516 93
-1 3619 5123 1812 84
-1 3619 5119 1596 4
-1 3619 5100 979 19
-1 100 4979 4498 121
-1 100 4900 3802 79
-1 100 4700 1573 200
1690 1673 4700 200 200
-1 1873 4811 2029 89
-1 1873 4739 1676 72
-1 1873 4700 1301 39
1691 1737 4500 200 200
-1 1937 4584 1037 116
-1 1937 4500 546 84
1859 1910 4300 200 200
-1 2110 4403 373 97
1783 2110 4203 200 200
-1 2310 4384 173 19
1852 2483 4384 200 200
-1 2683 4384 62 200
1650 2745 4384 200 200
-1 2945 4500 29 84
1815 2974 4500 200 200
174 3174 4539 200 200
-1 3374 4611 175 128
859 3549 4611 200 200
-1 3749 4779 153 32
1003 3902 4779 200 200
-1 4102 4962 496 17
-1 4102 4779 249 183
1847 3985 4579 200 200
-1 4185 4762 166 17
2344 4351 4762 200 200
-1 4551 4919 47 43
2425 4598 4919 200 200
-1 4798 4923 417 196
1026 5215 4923 200 200
-1 5415 5100 16 23
-1 4798 4919 617 4
-1 4551 4900 864 19
-1 4551 4841 694 59
-1 4551 4762 101 79
-1 4185 4700 467 62
-1 4185 4579 5 121
-1 4142 4500 48 79
1055 4190 4500 200 200
-1 4390 4641 262 59
1833 4652 4641 200 200
-1 4852 4700 393 141
239 4142 4300 200 200
-1 3014 4100 1130 200
2343 3942 4379 200 200
-1 3345 4300 797 79
-1 3749 4611 236 168
-1 3374 4579 611 32
-1 3374 4539 568 40
-1 3174 4500 768 39
1890 3145 4300 200 200
-1 3345 4379 597 121
1812 2945 4300 200 200
1544 2814 4100 200 200
1896 2702 3900 200 200
1765 2542 3700 200 200
-1 2742 3700 93 200
995 2442 3500 200 200
-1 2310 4332 635 52
1897 2310 4132 200 200
-1 2510 4300 435 32
1703 2510 4100 200 200
-1 2710 4100 104 200
1684 2502 3900 200 200
-1 1781 3700 761 200
-1 1671 3576 771 124
-1 1671 3500 60 76
280 1531 3300 200 200
1336 1731 3376 200 200
-1 1931 3528 511 48
-1 1931 3376 238 152
1314 1916 3176 200 200
-1 2116 3328 53 48
1283 2169 3328 200 200
-1 2369 3500 73 28
-1 2116 3293 253 35
-1 1731 3300 185 76
652 1716 3100 200 200
651 1606 2900 200 200
-1 1806 2900 17 200
314 1613 2700 200 200
-1 100 2500 1659 200
711 1413 2700 200 200
-1 100 3243 1616 57
-1 100 3043 1306 200
1580 1406 3043 200 200
-1 1606 3100 110 143
-1 100 2900 1506 143
-1 100 2700 1313 200
-1 100 4125 2410 7
-1 100 3925 1107 200
2421 1207 3925 200 200
-1 1407 4100 1103 25
-1 1407 3925 1095 175
-1 100 3900 2402 25
-1 100 3700 1481 200
2152 1581 3700 200 200
1331 1471 3500 200 200
-1 100 3300 1431 200
-1 100 3500 1371 200
-1 100 4132 2210 71
-1 100 4203 2010 97
1692 1708 4300 200 200
-1 1908 4300 2 200
1689 1537 4500 200 200
-1 100 4300 1608 200
-1 100 4500 1437 200
-1 5454 5784 346 126
-1 5164 5770 636 14
2191 5119 5570 200 200
-1 4368 5518 951 52
-1 4368 5371 923 147
-1 3915 5318 1376 53
-1 4274 5644 845 126
-1 4074 5571 1045 73
-1 4074 5501 94 70
-1 3339 5500 829 1
-1 3075 5357 436 143
-1 100 5300 3411 57
1409 3511 5300 200 200
-1 3711 5407 457 93
-1 3711 5300 4 107
-1 3619 5207 96 93
1494 3715 5207 200 200
-1 3915 5371 253 36
992 4168 5371 200 200
-1 4368 5570 751 1
1330 3419 5100 200 200
-1 100 5100 3319 200
-1 3964 5701 110 143
784 3874 5501 200 200
-1 3533 5700 341 1
-1 3339 5501 535 199
216 3333 5700 200 200
893 3139 5500 200 200
-1 100 5700 3233 200
-1 100 5557 3039 143
-1 100 5357 2775 200
964 2875 5357 200 200
-1 3075 5500 64 57
296 8917 6300 200 200
-1 7033 6336 1884 39
-1 5324 6300 3593 36
-1 5764 6536 1721 194
-1 5764 6534 1069 2
-1 5263 6400 1570 134
2267 5124 6200 200 200
-1 5324 6336 1509 64
369 6833 6336 200 200
-1 7033 6530 452 6
-1 5960 6734 1487 21
-1 5764 6730 1683 4
-1 5960 6755 1287 38
2342 5760 6734 200 200
290 5564 6534 200 200
-1 5017 6875 743 59
-1 4515 6823 1245 52
-1 4515 6700 450 123
288 4370 6500 200 200
-1 4570 6623 395 77
2337 4965 6623 200 200
-1 5165 6734 595 89
-1 5165 6623 399 111
-1 4570 6600 994 23
-1 4570 6500 293 100
-1 1868 6468 2995 32
-1 100 6400 4763 68
142 4863 6400 200 200
2031 5063 6400 200 200
-1 5263 6534 301 66
-1 100 6200 5024 200
-1 4222 6693 148 7
-1 3975 6600 395 93
-1 1868 6500 2502 100
286 1738 7303 200 200
-1 100 7459 1638 44
-1 100 7259 430 200
12 530 7259 200 200
-1 730 7303 1008 156
